407.3148084313649
32.2666877697334
417.6858934632571
891.922400570488
973.4672986204156
697.1242960935964
317.8997359256125
353.0118572266049
878.7125049317519
238.37388243784054
743.6207640415107
669.3537698788418
120.55244991300785
386.6143515593571
786.216692622631
191.4173577288284
360.96481790119384
369.885749218805
559.5895839688602
212.15541716007823
291.3307969338016
384.07003271531704
255.5967127708084
601.5348967033187
93.59735425718274
527.7588184919631
4.156342563929716
925.6300571971965
261.49831506005785
293.7818207225161
233.99134468077776
766.0075897025043
198.9787956073239
308.22235456771807
586.409593854588
881.8897365366242
822.5385509767547
512.6290684177129
947.2149607126005
190.5899706372115
860.0292797252453
396.2660952247361
830.7884275122972
280.97367664865493
660.5115354386493
202.62640342426775
175.5736510833087
320.2033797387704
108.09770437798372
258.06590879244106
591.6472126000782
765.7867842834619
667.2768503947933
700.2990289041601
238.74854764779784
252.9529508494226
678.0384706121902
920.6288232623224
807.0902580215264
391.6402471846245
766.1819505907768
976.1678120531745
523.4646936008237
977.8872008330914
637.519110203777
76.9384833055059
711.6078204056654
301.1754433322896
584.2471862159679
7.625292585154542
198.47702580798955
812.2814958447739
747.5904096137011
4.882333217907431
777.0446405679747
405.4523211075829
552.8784255453508
178.4844326299354
11.404250437351827
964.22679213139
761.5496928435406
38.241738132614
901.4322381167048
621.9837542218776
269.1391339251603
68.48054738685772
311.94232016055946
396.3047100355042
119.12897239110653
578.0264979830054
615.2161378942326
470.49679783453445
199.6123386653359
246.00846892647155
695.9883308480594
416.13039102882374
743.0391149874895
882.4347206870966
324.4095483952156
77.20223794401304
58.8845671559961
927.37556874685
915.2066428848308
669.5441293916641
894.9009043013307
123.71941217907178
860.2043603774929
888.353785159061
444.6823740354676
615.8522816951864
946.5677991620213
462.2333550251525
297.5950935154584
450.24321914506527
854.5710677638776
643.8780590657219
561.6930306370112
83.80124114883414
366.39199271688284
585.5659068582984
981.0615476507139
42.002167999097395
711.378605710659
411.8565578346776
116.10055133532194
311.16615397640203
423.42828937573194
72.41603177567013
558.5798144112681
397.900171232352
192.56558128108958
734.640900845694
712.8683543484635
243.60193495499703
455.50050155556255
558.7642794958041
890.5617226151535
343.0549882095062
888.8938096432886
187.38281464517027
337.799545351802
483.5271323066798
544.2514624714204
176.85269107318368
342.88741566173695
494.4174338970434
94.81587709999428
899.759650824661
756.4065908461727
277.3799330622255
552.5164255418135
155.6762353870771
96.81609710269356
172.98458965248665
856.9875172097314
841.677211610173
911.6210939653658
412.35920459834983
938.8573754921701
554.5920179499401
217.50287341646379
0.888742504254525
215.95640954811347
923.7306642995288
652.3751937960045
885.9313171641096
993.7890430038445
805.8274771689953
438.1525612708231
671.6427846993378
910.558358732199
213.20510427075934
375.0859192930893
461.3847476350207
392.2281784406827
991.6685634024712
866.8421498473498
631.823926608369
64.55241110256205
816.397031986557
410.0733557626113
472.7129485402827
206.69709256748726
32.10958533068964
73.04288236996648
662.4763132042488
625.025695322638
228.0375661102736
234.94458829385735
492.10720693016896
775.8130570452954
208.7455625212925
260.8733717398625
598.5144046544866
572.0999838742608
198.59936596364835
846.9737064181047
723.3407445387762
72.59429694632735
700.688537740798
486.1147814741952
674.4079571125754
169.470351927023
420.26766075866027
876.5100057396805
234.32494189358144
467.1143990415163
58.289097673710714
124.01959860958588
234.42995015849766
775.3077889993388
582.3575301970409
273.44514020266354
392.1193327077742
28.0360543679955
790.444339534538
44.94506702071477
795.7489004707124
983.056862595162
596.9579009250664
648.7706827363671
113.67642257016585
757.5552510242951
491.2733906729049
204.84254704470538
702.6465580024304
111.65959633024536
45.58391914943116
603.257093812041
795.6026727948363
404.28766271506754
181.9420241309251
607.6341306319279
860.1423571893023
314.73680329291943
147.61905052090728
625.2857419184479
36.216695994743866
748.6279392111671
793.4172909885062
846.5077108586834
285.3058355281657
828.2583724294082
801.3276958736639
389.86481902655567
513.186250110615
505.1135473893507
965.9337646098096
681.1616785602066
464.53835480107074
126.23338362021119
498.22015821469125
540.8607876004248
630.0249955029543
236.32411488658522
590.9522207689961
358.0307056897722
755.1053149324903
3.9515715893069236
161.55057818784968
288.47615007046556
794.7303112658482
922.8477983733615
771.3924456260249
630.523616798985
319.1999200824505
858.3073346876763
209.72974046221105
404.005259282531
443.84364946046253
83.84577004202708
125.9211370916693
686.3048305967834
328.82027555935645
684.737518120257
395.43353963256754
443.89923651050356
175.21434344730014
592.7460090384146
613.0762264740666
438.6503655316554
429.7403759663486
560.3040708002798
221.18840458475032
285.1709481360386
602.7483266633743
582.5978416100651
301.0089510244153
888.9099435086598
702.8567557143821
632.45323008319
982.215177718785
304.1719196964088
796.4229685960067
85.61833474293468
758.6246391956878
517.1062378398179
611.1919360105734
882.9819535844971
737.3124723110466
780.7717435233393
420.849312936055
301.4618156965333
993.9040235197095
907.7025387691446
670.8356869463647
186.74336409246393
758.5608628474104
359.9718959266839
935.6628874093738
638.7437935727346
115.18561823338113
67.57023284817399
834.1056336748222
434.62202363752544
260.6290731695901
652.9846468056987
471.02434791757184
924.3505925811112
141.19102871345558
143.18706402944613
823.2083966649715
740.3105568601886
460.46353961840447
309.8085827609933
241.51128294906343
425.0657868715176
635.5740502256153
494.09789312877115
902.6823405370724
0.41880481775424805
268.1424320597753
145.33211949391256
611.6823887374112
576.0447987508402
91.77502816648774
329.6685286429677
828.9034120393774
327.4467686012907
159.6755770324234
150.9958763659157
176.5952293692502
560.6689811226347
243.96150866769906
366.16463614653725
964.9351640220176
125.1524419468123
32.53129884784156
474.04554967502634
470.55888917633735
136.3101510857997
729.8367485981521
211.18630670454908
799.0043342098545
825.8461274882217
94.67179424486338
696.4063288852752
167.402619855309
350.53727551061553
781.0970616795634
432.49010526068344
354.88305327819546
559.1420750656457
87.87773605444093
995.2100378807932
885.5421100246538
42.2960892637827
867.3192493764813
518.2292911964171
232.45914789076195
271.69895478034033
396.14401204959546
17.00657447169551
961.1240847817132
272.59319043859875
469.05962226704014
185.6439947673948
266.7756206543883
67.48042789288455
839.927182677444
